Voltage U1	Corriente IA
U1/V	IA/nA

0,02	0,01
0,04	0,01
0,07	0,01
0,09	0,01
0,12	0,01
0,14	0,01
0,17	0,01
0,19	0,01
0,21	0,01
0,24	0,01
0,26	0,01
0,29	0,01
0,31	0,01
0,34	0,01
0,36	0,01
0,39	0,01
0,41	0,01
0,43	0,01
0,46	0,01
0,48	0,01
0,51	0,01
0,53	0,01
0,56	0,01
0,58	0,01
0,61	0,01
0,63	0,01
0,65	0,01
0,68	0,01
0,70	0,01
0,73	0,01
0,75	0,01
0,78	0,01
0,80	0,01
0,83	0,01
0,85	0,01
0,87	0,01
0,90	0,01
0,92	0,01
0,95	0,01
0,97	0,01
1,00	0,01
1,02	0,01
1,05	0,01
1,07	0,01
1,09	0,01
1,12	0,01
1,14	0,01
1,17	0,01
1,19	0,01
1,22	0,01
1,24	0,01
1,26	0,01
1,29	0,00
1,31	0,00
1,34	0,01
1,36	0,01
1,39	0,01
1,41	0,01
1,44	0,01
1,46	0,01
1,48	0,01
1,51	0,01
1,53	0,01
1,56	0,01
1,58	0,01
1,61	0,01
1,63	0,01
1,66	0,01
1,68	0,01
1,70	0,01
1,73	0,01
1,75	0,01
1,78	0,01
1,80	0,01
1,83	0,01
1,85	0,01
1,88	0,01
1,90	0,01
1,92	0,01
1,95	0,01
1,97	0,01
2,00	0,01
2,02	0,01
2,05	0,01
2,07	0,01
2,10	0,01
2,12	0,01
2,14	0,01
2,17	0,01
2,19	0,01
2,22	0,01
2,24	0,01
2,27	0,01
2,29	0,01
2,31	0,01
2,34	0,01
2,36	0,01
2,39	0,01
2,41	0,01
2,44	0,01
2,46	0,01
2,49	0,01
2,51	0,01
2,53	0,01
2,56	0,01
2,58	0,01
2,61	0,01
2,63	0,01
2,66	0,01
2,68	0,01
2,71	0,01
2,73	0,01
2,75	0,01
2,78	0,01
2,80	0,01
2,83	0,01
2,85	0,01
2,88	0,01
2,90	0,01
2,93	0,01
2,95	0,01
2,97	0,01
3,00	0,01
3,02	0,01
3,05	0,01
3,07	0,01
3,10	0,01
3,12	0,01
3,15	0,01
3,17	0,01
3,19	0,01
3,22	0,01
3,24	0,01
3,27	0,01
3,29	0,01
3,32	0,01
3,34	0,01
3,36	0,01
3,39	0,01
3,41	0,01
3,44	0,01
3,46	0,01
3,49	0,01
3,51	0,01
3,54	0,01
3,56	0,01
3,58	0,01
3,61	0,01
3,63	0,01
3,66	0,01
3,68	0,01
3,71	0,01
3,73	0,01
3,76	0,01
3,78	0,01
3,80	0,00
3,83	0,00
3,85	0,00
3,88	0,00
3,90	0,00
3,93	0,00
3,95	0,00
3,98	0,00
4,00	0,00
4,02	0,01
4,05	0,01
4,07	0,01
4,10	0,01
4,12	0,01
4,15	0,01
4,17	0,01
4,20	0,01
4,22	0,01
4,24	0,01
4,27	0,01
4,29	0,01
4,32	0,01
4,34	0,01
4,37	0,01
4,39	0,01
4,42	0,01
4,44	0,01
4,46	0,01
4,49	0,01
4,51	0,01
4,54	0,01
4,56	0,01
4,59	0,01
4,61	0,01
4,63	0,01
4,66	0,01
4,68	0,01
4,71	0,01
4,73	0,01
4,76	0,01
4,78	0,01
4,81	0,01
4,83	0,01
4,85	0,01
4,88	0,01
4,90	0,01
4,93	0,01
4,95	0,01
4,98	0,01
5,00	0,01
5,03	0,01
5,05	0,01
5,07	0,01
5,10	0,01
5,12	0,01
5,15	0,01
5,17	0,01
5,20	0,01
5,22	0,01
5,25	0,01
5,27	0,01
5,29	0,01
5,32	0,01
5,34	0,01
5,37	0,01
5,39	0,01
5,42	0,01
5,44	0,01
5,47	0,01
5,49	0,01
5,51	0,01
5,54	0,01
5,56	0,01
5,59	0,01
5,61	0,01
5,64	0,01
5,66	0,01
5,68	0,01
5,71	0,01
5,73	0,01
5,76	0,01
5,78	0,01
5,81	0,01
5,83	0,01
5,86	0,01
5,88	0,01
5,90	0,01
5,93	0,01
5,95	0,01
5,98	0,01
6,00	0,01
6,03	0,01
6,05	0,01
6,08	0,01
6,10	0,01
6,12	0,01
6,15	0,01
6,17	0,01
6,20	0,01
6,22	0,01
6,25	0,01
6,27	0,01
6,30	0,01
6,32	0,01
6,34	0,01
6,37	0,01
6,39	0,00
6,42	0,00
6,44	0,00
6,47	0,01
6,49	0,01
6,52	0,01
6,54	0,01
6,56	0,01
6,59	0,01
6,61	0,01
6,64	0,01
6,66	0,01
6,69	0,01
6,71	0,01
6,73	0,01
6,76	0,01
6,78	0,01
6,81	0,01
6,83	0,01
6,86	0,01
6,88	0,01
6,91	0,01
6,93	0,01
6,95	0,01
6,98	0,01
7,00	0,01
7,03	0,01
7,05	0,01
7,08	0,01
7,10	0,01
7,13	0,01
7,15	0,01
7,17	0,01
7,20	0,01
7,22	0,01
7,25	0,01
7,27	0,01
7,30	0,01
7,32	0,01
7,35	0,01
7,37	0,01
7,39	0,01
7,42	0,01
7,44	0,01
7,47	0,01
7,49	0,01
7,52	0,01
7,54	0,01
7,57	0,01
7,59	0,01
7,61	0,01
7,64	0,01
7,66	0,01
7,69	0,01
7,71	0,01
7,74	0,01
7,76	0,01
7,78	0,01
7,81	0,01
7,83	0,01
7,86	0,01
7,88	0,01
7,91	0,01
7,93	0,01
7,96	0,01
7,98	0,01
8,00	0,01
8,03	0,01
8,05	0,01
8,08	0,01
8,10	0,01
8,13	0,01
8,15	0,01
8,18	0,01
8,20	0,01
8,22	0,01
8,25	0,01
8,27	0,01
8,30	0,01
8,32	0,01
8,35	0,01
8,37	0,01
8,40	0,01
8,42	0,01
8,44	0,01
8,47	0,01
8,49	0,01
8,52	0,01
8,54	0,01
8,57	0,01
8,59	0,01
8,62	0,01
8,64	0,01
8,66	0,01
8,69	0,01
8,71	0,01
8,74	0,01
8,76	0,01
8,79	0,01
8,81	0,01
8,84	0,01
8,86	0,01
8,88	0,01
8,91	0,01
8,93	0,01
8,96	0,01
8,98	0,01
9,01	0,01
9,03	0,01
9,05	0,01
9,08	0,01
9,10	0,01
9,13	0,01
9,15	0,01
9,18	0,01
9,20	0,01
9,23	0,01
9,25	0,01
9,27	0,01
9,30	0,01
9,32	0,01
9,35	0,01
9,37	0,01
9,40	0,01
9,42	0,01
9,45	0,01
9,47	0,01
9,49	0,01
9,52	0,01
9,54	0,01
9,57	0,01
9,59	0,01
9,62	0,01
9,64	0,01
9,67	0,01
9,69	0,01
9,71	0,01
9,74	0,01
9,76	0,01
9,79	0,01
9,81	0,01
9,84	0,01
9,86	0,01
9,89	0,01
9,91	0,01
9,93	0,01
9,96	0,01
9,98	0,01
10,01	0,01
10,03	0,01
10,06	0,01
10,08	0,01
10,10	0,01
10,13	0,01
10,15	0,01
10,18	0,01
10,20	0,01
10,23	0,00
10,25	0,00
10,28	0,00
10,30	0,01
10,32	0,01
10,35	0,01
10,37	0,01
10,40	0,01
10,42	0,01
10,45	0,01
10,47	0,01
10,50	0,01
10,52	0,01
10,54	0,01
10,57	0,01
10,59	0,01
10,62	0,01
10,64	0,00
10,67	0,00
10,69	0,00
10,72	0,00
10,74	0,00
10,76	0,00
10,79	0,00
10,81	0,00
10,84	0,01
10,86	0,01
10,89	0,01
10,91	0,01
10,94	0,01
10,96	0,01
10,98	0,01
11,01	0,01
11,03	0,01
11,06	0,01
11,08	0,01
11,11	0,01
11,13	0,01
11,15	0,01
11,18	0,01
11,20	0,01
11,23	0,01
11,25	0,01
11,28	0,01
11,30	0,01
11,33	0,01
11,35	0,01
11,37	0,01
11,40	0,01
11,42	0,01
11,45	0,01
11,47	0,01
11,50	0,01
11,52	0,01
11,55	0,01
11,57	0,01
11,59	0,01
11,62	0,01
11,64	0,01
11,67	0,01
11,69	0,01
11,72	0,01
11,74	0,01
11,77	0,01
11,79	0,01
11,81	0,01
11,84	0,00
11,86	0,00
11,89	0,01
11,91	0,01
11,94	0,01
11,96	0,01
11,99	0,01
12,01	0,01
12,03	0,01
12,06	0,01
12,08	0,00
12,11	0,00
12,13	0,00
12,16	0,00
12,18	0,00
12,21	0,00
12,23	0,00
12,25	0,00
12,28	0,01
12,30	0,01
12,33	0,01
12,35	0,01
12,38	0,01
12,40	0,01
12,42	0,01
12,45	0,01
12,47	0,01
12,50	0,01
12,52	0,01
12,55	0,01
12,57	0,01
12,60	0,01
12,62	0,01
12,64	0,01
12,67	0,01
12,69	0,01
12,72	0,01
12,74	0,01
12,77	0,01
12,79	0,01
12,82	0,01
12,84	0,01
12,86	0,01
12,89	0,00
12,91	0,00
12,94	0,00
12,96	0,00
12,99	0,01
13,01	0,01
13,04	0,01
13,06	0,01
13,08	0,01
13,11	0,01
13,13	0,01
13,16	0,01
13,18	0,01
13,21	0,01
13,23	0,01
13,26	0,01
13,28	0,01
13,30	0,01
13,33	0,01
13,35	0,01
13,38	0,01
13,40	0,01
13,43	0,01
13,45	0,01
13,47	0,01
13,50	0,01
13,52	0,01
13,55	0,01
13,57	0,01
13,60	0,01
13,62	0,01
13,65	0,01
13,67	0,01
13,69	0,01
13,72	0,01
13,74	0,01
13,77	0,01
13,79	0,01
13,82	0,01
13,84	0,01
13,87	0,01
13,89	0,01
13,91	0,01
13,94	0,01
13,96	0,01
13,99	0,01
14,01	0,01
14,04	0,01
14,06	0,01
14,09	0,01
14,11	0,01
14,13	0,01
14,16	0,01
14,18	0,01
14,21	0,01
14,23	0,01
14,26	0,01
14,28	0,01
14,31	0,01
14,33	0,01
14,35	0,01
14,38	0,00
14,40	0,00
14,43	0,00
14,45	0,00
14,48	0,01
14,50	0,01
14,52	0,01
14,55	0,01
14,57	0,01
14,60	0,01
14,62	0,01
14,65	0,01
14,67	0,01
14,70	0,01
14,72	0,01
14,74	0,01
14,77	0,01
14,79	0,01
14,82	0,01
14,84	0,01
14,87	0,01
14,89	0,01
14,92	0,01
14,94	0,01
14,96	0,01
14,99	0,01
15,01	0,01
15,04	0,01
15,06	0,01
15,09	0,01
15,11	0,01
15,14	0,01
15,16	0,01
15,18	0,01
15,21	0,01
15,23	0,01
15,26	0,01
15,28	0,01
15,31	0,01
15,33	0,01
15,36	0,01
15,38	0,01
15,40	0,01
15,43	0,01
15,45	0,01
15,48	0,01
15,50	0,01
15,53	0,01
15,55	0,01
15,57	0,01
15,60	0,01
15,62	0,01
15,65	0,01
15,67	0,01
15,70	0,01
15,72	0,01
15,75	0,01
15,77	0,01
15,79	0,01
15,82	0,01
15,84	0,01
15,87	0,01
15,89	0,01
15,92	0,01
15,94	0,01
15,97	0,01
15,99	0,01
16,01	0,01
16,04	0,01
16,06	0,01
16,09	0,01
16,11	0,01
16,14	0,01
16,16	0,01
16,19	0,01
16,21	0,01
16,23	0,01
16,26	0,01
16,28	0,01
16,31	0,01
16,33	0,01
16,36	0,01
16,38	0,01
16,41	0,00
16,43	0,00
16,45	0,00
16,48	0,00
16,50	0,01
16,53	0,01
16,55	0,01
16,58	0,01
16,60	0,01
16,63	0,01
16,65	0,01
16,67	0,01
16,70	0,01
16,72	0,01
16,75	0,01
16,77	0,01
16,80	0,01
16,82	0,01
16,84	0,01
16,87	0,01
16,89	0,01
16,92	0,01
16,94	0,01
16,97	0,01
16,99	0,01
17,02	0,01
17,04	0,01
17,06	0,01
17,09	0,01
17,11	0,01
17,14	0,01
17,16	0,01
17,19	0,01
17,21	0,01
17,24	0,01
17,26	0,01
17,28	0,01
17,31	0,01
17,33	0,01
17,36	0,01
17,38	0,01
17,41	0,01
17,43	0,01
17,46	0,01
17,48	0,01
17,50	0,01
17,53	0,01
17,55	0,01
17,58	0,01
17,60	0,01
17,63	0,01
17,65	0,01
17,68	0,01
17,70	0,01
17,72	0,02
17,75	0,02
17,77	0,02
17,80	0,02
17,82	0,02
17,85	0,02
17,87	0,02
17,89	0,01
17,92	0,01
17,94	0,01
17,97	0,01
17,99	0,01
18,02	0,01
18,04	0,01
18,07	0,01
18,09	0,01
18,11	0,02
18,14	0,02
18,16	0,01
18,19	0,03
18,21	0,03
18,24	0,04
18,26	0,04
18,29	0,04
18,31	0,04
18,33	0,04
18,36	0,03
18,38	0,03
18,41	0,02
18,43	0,03
18,46	0,05
18,48	0,05
18,51	0,05
18,53	0,06
18,55	0,06
18,58	0,07
18,60	0,07
18,63	0,05
18,65	0,05
18,68	0,05
18,70	0,05
18,73	0,07
18,75	0,08
18,77	0,08
18,80	0,08
18,82	0,09
18,85	0,10
18,87	0,10
18,90	0,09
18,92	0,11
18,94	0,10
18,97	0,10
18,99	0,10
19,02	0,10
19,04	0,10
19,07	0,11
19,09	0,09
19,12	0,11
19,14	0,10
19,16	0,10
19,19	0,13
19,21	0,13
19,24	0,13
19,26	0,13
19,29	0,13
19,31	0,15
19,34	0,14
19,36	0,13
19,38	0,13
19,41	0,12
19,43	0,13
19,46	0,14
19,48	0,13
19,51	0,15
19,53	0,14
19,56	0,14
19,58	0,16
19,60	0,16
19,63	0,15
19,65	0,16
19,68	0,16
19,70	0,17
19,73	0,17
19,75	0,16
19,78	0,17
19,80	0,16
19,82	0,15
19,85	0,15
19,87	0,14
19,90	0,14
19,92	0,16
19,95	0,16
19,97	0,16
19,99	0,17
20,02	0,17
20,04	0,18
20,07	0,18
20,09	0,16
20,12	0,16
20,14	0,15
20,17	0,15
20,19	0,16
20,21	0,16
20,24	0,17
20,26	0,17
20,29	0,16
20,31	0,18
20,34	0,17
20,36	0,17
20,39	0,17
20,41	0,15
20,43	0,15
20,46	0,16
20,48	0,15
20,51	0,16
20,53	0,14
20,56	0,14
20,58	0,15
20,61	0,13
20,63	0,13
20,65	0,15
20,68	0,15
20,70	0,15
20,73	0,15
20,75	0,14
20,78	0,16
20,80	0,16
20,83	0,14
20,85	0,14
20,87	0,13
20,90	0,13
20,92	0,15
20,95	0,16
20,97	0,16
21,00	0,16
21,02	0,16
21,05	0,19
21,07	0,19
21,09	0,17
21,12	0,16
21,14	0,16
21,17	0,16
21,19	0,16
21,22	0,16
21,24	0,16
21,26	0,16
21,29	0,16
21,31	0,17
21,34	0,15
21,36	0,15
21,39	0,17
21,41	0,17
21,44	0,18
21,46	0,18
21,48	0,18
21,51	0,20
21,53	0,20
21,56	0,18
21,58	0,19
21,61	0,17
21,63	0,18
21,66	0,20
21,68	0,19
21,70	0,19
21,73	0,20
21,75	0,20
21,78	0,23
21,80	0,23
21,83	0,22
21,85	0,23
21,88	0,23
21,90	0,24
21,92	0,24
21,95	0,24
21,97	0,24
22,00	0,24
22,02	0,25
22,05	0,26
22,07	0,24
22,10	0,25
22,12	0,28
22,14	0,28
22,17	0,29
22,19	0,29
22,22	0,29
22,24	0,32
22,27	0,33
22,29	0,31
22,31	0,31
22,34	0,32
22,36	0,32
22,39	0,34
22,41	0,35
22,44	0,36
22,46	0,37
22,49	0,36
22,51	0,39
22,53	0,40
22,56	0,39
22,58	0,39
22,61	0,39
22,63	0,41
22,66	0,41
22,68	0,42
22,71	0,43
22,73	0,44
22,75	0,45
22,78	0,47
22,80	0,45
22,83	0,46
22,85	0,47
22,88	0,47
22,90	0,48
22,93	0,48
22,95	0,48
22,97	0,51
23,00	0,52
23,02	0,51
23,05	0,52
23,07	0,50
23,10	0,51
23,12	0,53
23,15	0,53
23,17	0,53
23,19	0,55
23,22	0,56
23,24	0,59
23,27	0,60
23,29	0,60
23,32	0,60
23,34	0,60
23,36	0,60
23,39	0,61
23,41	0,61
23,44	0,61
23,46	0,62
23,49	0,62
23,51	0,64
23,54	0,62
23,56	0,63
23,58	0,63
23,61	0,63
23,63	0,64
23,66	0,63
23,68	0,63
23,71	0,65
23,73	0,66
23,76	0,66
23,78	0,66
23,80	0,64
23,83	0,65
23,85	0,67
23,88	0,67
23,90	0,67
23,93	0,68
23,95	0,68
23,98	0,72
24,00	0,72
24,02	0,71
24,05	0,71
24,07	0,70
24,10	0,70
24,12	0,69
24,15	0,68
24,17	0,68
24,20	0,67
24,22	0,67
24,24	0,68
24,27	0,67
24,29	0,68
24,32	0,68
24,34	0,68
24,37	0,69
24,39	0,69
24,42	0,68
24,44	0,70
24,46	0,69
24,49	0,69
24,51	0,69
24,54	0,67
24,56	0,66
24,59	0,69
24,61	0,68
24,63	0,68
24,66	0,68
24,68	0,67
24,71	0,70
24,73	0,70
24,76	0,68
24,78	0,68
24,81	0,67
24,83	0,67
24,85	0,66
24,88	0,65
24,90	0,65
24,93	0,64
24,95	0,63
24,98	0,65
25,00	0,64
25,03	0,63
25,05	0,63
25,07	0,62
25,10	0,62
25,12	0,62
25,15	0,61
25,17	0,61
25,20	0,61
25,22	0,61
25,25	0,60
25,27	0,58
25,29	0,58
25,32	0,59
25,34	0,59
25,37	0,59
25,39	0,58
25,42	0,58
25,44	0,60
25,47	0,59
25,49	0,57
25,51	0,57
25,54	0,55
25,56	0,55
25,59	0,55
25,61	0,54
25,64	0,55
25,66	0,54
25,68	0,54
25,71	0,55
25,73	0,56
25,76	0,56
25,78	0,56
25,81	0,55
25,83	0,56
25,86	0,55
25,88	0,55
25,90	0,54
25,93	0,54
25,95	0,54
25,98	0,54
26,00	0,53
26,03	0,53
26,05	0,55
26,08	0,54
26,10	0,55
26,12	0,55
26,15	0,55
26,17	0,58
26,20	0,59
26,22	0,57
26,25	0,57
26,27	0,56
26,30	0,57
26,32	0,57
26,34	0,56
26,37	0,56
26,39	0,56
26,42	0,58
26,44	0,62
26,47	0,62
26,49	0,63
26,52	0,64
26,54	0,65
26,56	0,67
26,59	0,67
26,61	0,66
26,64	0,67
26,66	0,68
26,69	0,69
26,71	0,71
26,73	0,70
26,76	0,72
26,78	0,74
26,81	0,75
26,83	0,76
26,86	0,77
26,88	0,78
26,91	0,81
26,93	0,82
26,95	0,81
26,98	0,83
27,00	0,84
27,03	0,85
27,05	0,85
27,08	0,86
27,10	0,88
27,13	0,89
27,15	0,91
27,17	0,94
27,20	0,95
27,22	0,97
27,25	0,98
27,27	0,99
27,30	1,02
27,32	1,03
27,35	1,03
27,37	1,06
27,39	1,07
27,42	1,08
27,44	1,09
27,47	1,11
27,49	1,13
27,52	1,15
27,54	1,16
27,57	1,18
27,59	1,19
27,61	1,20
27,64	1,22
27,66	1,24
27,69	1,24
27,71	1,25
27,74	1,25
27,76	1,26
27,78	1,28
27,81	1,27
27,83	1,28
27,86	1,28
27,88	1,30
27,91	1,33
27,93	1,35
27,96	1,36
27,98	1,37
28,00	1,38
28,03	1,41
28,05	1,41
28,08	1,41
28,10	1,41
28,13	1,41
28,15	1,42
28,18	1,43
28,20	1,44
28,22	1,45
28,25	1,46
28,27	1,48
28,30	1,50
28,32	1,50
28,35	1,50
28,37	1,52
28,40	1,52
28,42	1,52
28,44	1,52
28,47	1,50
28,49	1,51
28,52	1,51
28,54	1,49
28,57	1,49
28,59	1,49
28,62	1,49
28,64	1,53
28,66	1,52
28,69	1,52
28,71	1,53
28,74	1,53
28,76	1,54
28,79	1,53
28,81	1,51
28,84	1,51
28,86	1,51
28,88	1,51
28,91	1,51
28,93	1,51
28,96	1,51
28,98	1,51
29,01	1,51
29,03	1,51
29,05	1,50
29,08	1,49
29,10	1,50
29,13	1,50
29,15	1,49
29,18	1,48
29,20	1,45
29,23	1,45
29,25	1,45
29,27	1,42
29,30	1,43
29,32	1,42
29,35	1,41
29,37	1,43
29,40	1,42
29,42	1,40
29,45	1,40
29,47	1,38
29,49	1,38
29,52	1,37
29,54	1,35
29,57	1,34
29,59	1,33
29,62	1,32
29,64	1,31
29,67	1,29
29,69	1,28
29,71	1,28
29,74	1,26
29,76	1,26
29,79	1,25
29,81	1,24
29,84	1,26
29,86	1,25
29,89	1,24
29,91	1,24
29,93	1,21
29,96	1,19
29,98	1,18
30,01	1,14
30,03	1,14
30,06	1,12
30,08	1,11
30,10	1,13
30,13	1,13
30,15	1,12
30,18	1,11
30,20	1,09
30,23	1,10
30,25	1,09
30,28	1,07
30,30	1,06
30,32	1,04
30,35	1,03
30,37	1,04
30,40	1,04
30,42	1,03
30,45	1,04
30,47	1,04
30,50	1,04
30,52	1,04
30,54	1,02
30,57	1,04
30,59	1,03
30,62	1,02
30,64	1,02
30,67	1,00
30,69	1,01
30,72	1,01
30,74	0,99
30,76	1,00
30,79	1,00
30,81	1,00
30,84	1,03
30,86	1,02
30,89	1,02
30,91	1,02
30,94	1,02
30,96	1,04
30,98	1,05
31,01	1,04
31,03	1,05
31,06	1,06
31,08	1,08
31,11	1,11
31,13	1,11
31,15	1,12
31,18	1,13
31,20	1,13
31,23	1,15
31,25	1,16
31,28	1,16
31,30	1,20
31,33	1,21
31,35	1,23
31,37	1,24
31,40	1,25
31,42	1,26
31,45	1,28
31,47	1,27
31,50	1,30
31,52	1,31
31,55	1,33
31,57	1,38
31,59	1,39
31,62	1,41
31,64	1,44
31,67	1,46
31,69	1,49
31,72	1,51
31,74	1,52
31,77	1,54
31,79	1,56
31,81	1,58
31,84	1,61
31,86	1,64
31,89	1,66
31,91	1,68
31,94	1,71
31,96	1,75
31,99	1,77
32,01	1,80
32,03	1,84
32,06	1,86
32,08	1,89
32,11	1,92
32,13	1,94
32,16	1,96
32,18	1,98
32,20	2,00
32,23	2,03
32,25	2,03
32,28	2,05
32,30	2,09
32,33	2,10
32,35	2,12
32,38	2,15
32,40	2,17
32,42	2,22
32,45	2,25
32,47	2,26
32,50	2,29
32,52	2,30
32,55	2,32
32,57	2,34
32,60	2,35
32,62	2,37
32,64	2,38
32,67	2,39
32,69	2,43
32,72	2,44
32,74	2,46
32,77	2,48
32,79	2,50
32,82	2,51
32,84	2,54
32,86	2,55
32,89	2,57
32,91	2,58
32,94	2,59
32,96	2,60
32,99	2,60
33,01	2,60
33,04	2,64
33,06	2,65
33,08	2,66
33,11	2,67
33,13	2,67
33,16	2,69
33,18	2,69
33,21	2,67
33,23	2,66
33,26	2,65
33,28	2,65
33,30	2,67
33,33	2,67
33,35	2,67
33,38	2,67
33,40	2,67
33,43	2,69
33,45	2,69
33,47	2,67
33,50	2,67
33,52	2,65
33,55	2,65
33,57	2,64
33,60	2,62
33,62	2,62
33,65	2,61
33,67	2,61
33,69	2,61
33,72	2,59
33,74	2,58
33,77	2,59
33,79	2,58
33,82	2,57
33,84	2,55
33,87	2,52
33,89	2,53
33,91	2,51
33,94	2,47
33,96	2,46
33,99	2,44
34,01	2,43
34,04	2,43
34,06	2,42
34,09	2,41
34,11	2,39
34,13	2,37
34,16	2,37
34,18	2,34
34,21	2,31
34,23	2,29
34,26	2,27
34,28	2,25
34,31	2,22
34,33	2,20
34,35	2,19
34,38	2,17
34,40	2,15
34,43	2,13
34,45	2,10
34,48	2,08
34,50	2,08
34,52	2,06
34,55	2,05
34,57	2,03
34,60	2,01
34,62	2,01
34,65	2,00
34,67	1,96
34,70	1,94
34,72	1,90
34,74	1,89
34,77	1,88
34,79	1,86
34,82	1,84
34,84	1,83
34,87	1,81
34,89	1,80
34,92	1,79
34,94	1,76
34,96	1,74
34,99	1,72
35,01	1,71
35,04	1,69
35,06	1,67
35,09	1,65
35,11	1,63
35,14	1,63
35,16	1,64
35,18	1,61
35,21	1,60
35,23	1,60
35,26	1,59
35,28	1,59
35,31	1,57
35,33	1,55
35,36	1,56
35,38	1,55
35,40	1,54
35,43	1,54
35,45	1,52
35,48	1,53
35,50	1,55
35,53	1,56
35,55	1,56
35,57	1,56
35,60	1,57
35,62	1,60
35,65	1,59
35,67	1,57
35,70	1,57
35,72	1,57
35,75	1,58
35,77	1,59
35,79	1,59
35,82	1,61
35,84	1,62
35,87	1,64
35,89	1,67
35,92	1,67
35,94	1,69
35,97	1,70
35,99	1,72
36,01	1,74
36,04	1,75
36,06	1,76
36,09	1,80
36,11	1,83
36,14	1,85
36,16	1,88
36,19	1,88
36,21	1,92
36,23	1,97
36,26	2,00
36,28	2,03
36,31	2,06
36,33	2,08
36,36	2,14
36,38	2,17
36,41	2,18
36,43	2,22
36,45	2,24
36,48	2,28
36,50	2,32
36,53	2,35
36,55	2,39
36,58	2,43
36,60	2,46
36,62	2,52
36,65	2,54
36,67	2,57
36,70	2,61
36,72	2,64
36,75	2,68
36,77	2,72
36,80	2,75
36,82	2,80
36,84	2,84
36,87	2,89
36,89	2,93
36,92	2,95
36,94	2,99
36,97	3,05
36,99	3,09
37,02	3,12
37,04	3,15
37,06	3,19
37,09	3,26
37,11	3,29
37,14	3,31
37,16	3,34
37,19	3,37
37,21	3,41
37,24	3,45
37,26	3,47
37,28	3,51
37,31	3,53
37,33	3,57
37,36	3,63
37,38	3,66
37,41	3,69
37,43	3,72
37,46	3,76
37,48	3,80
37,50	3,83
37,53	3,85
37,55	3,87
37,58	3,90
37,60	3,92
37,63	3,94
37,65	3,94
37,68	3,97
37,70	4,00
37,72	4,02
37,75	4,03
37,77	4,05
37,80	4,06
37,82	4,09
37,85	4,10
37,87	4,10
37,89	4,11
37,92	4,10
37,94	4,11
37,97	4,12
37,99	4,11
38,02	4,11
38,04	4,11
38,07	4,11
38,09	4,14
38,11	4,13
38,14	4,14
38,16	4,14
38,19	4,14
38,21	4,14
38,24	4,13
38,26	4,11
38,29	4,11
38,31	4,09
38,33	4,08
38,36	4,07
38,38	4,04
38,41	4,03
38,43	4,04
38,46	4,03
38,48	4,02
38,51	4,00
38,53	3,99
38,55	4,00
38,58	3,97
38,60	3,92
38,63	3,90
38,65	3,86
38,68	3,84
38,70	3,82
38,73	3,78
38,75	3,76
38,77	3,73
38,80	3,71
38,82	3,70
38,85	3,68
38,87	3,64
38,90	3,61
38,92	3,58
38,94	3,55
38,97	3,52
38,99	3,49
39,02	3,46
39,04	3,43
39,07	3,40
39,09	3,37
39,12	3,34
39,14	3,31
39,16	3,29
39,19	3,26
39,21	3,23
39,24	3,20
39,26	3,17
39,29	3,16
39,31	3,13
39,34	3,09
39,36	3,06
39,38	3,01
39,41	2,98
39,43	2,95
39,46	2,89
39,48	2,86
39,51	2,82
39,53	2,79
39,56	2,78
39,58	2,76
39,60	2,74
39,63	2,71
39,65	2,69
39,68	2,68
39,70	2,65
39,73	2,63
39,75	2,61
39,78	2,58
39,80	2,55
39,82	2,53
39,85	2,51
39,87	2,49
39,90	2,47
39,92	2,44
39,95	2,43
39,97	2,41
39,99	2,39
40,02	2,39
40,04	2,38
40,07	2,35
40,09	2,34
40,12	2,31
40,14	2,29
40,17	2,28
40,19	2,25
40,21	2,25
40,24	2,23
40,26	2,23
40,29	2,26
40,31	2,26
40,34	2,26
40,36	2,26
40,39	2,26
40,41	2,27
40,43	2,27
40,46	2,25
40,48	2,26
40,51	2,25
40,53	2,27
40,56	2,28
40,58	2,29
40,61	2,31
40,63	2,34
40,65	2,36
40,68	2,38
40,70	2,39
40,73	2,41
40,75	2,45
40,78	2,47
40,80	2,49
40,83	2,51
40,85	2,52
40,87	2,55
40,90	2,58
40,92	2,61
40,95	2,66
40,97	2,69
41,00	2,72
41,02	2,78
41,05	2,82
41,07	2,85
41,09	2,88
41,12	2,91
41,14	2,96
41,17	3,01
41,19	3,05
41,22	3,10
41,24	3,16
41,26	3,21
41,29	3,27
41,31	3,33
41,34	3,37
41,36	3,42
41,39	3,46
41,41	3,52
41,44	3,57
41,46	3,62
41,48	3,69
41,51	3,76
41,53	3,81
41,56	3,87
41,58	3,91
41,61	3,97
41,63	4,03
41,66	4,07
41,68	4,13
41,70	4,18
41,73	4,25
41,75	4,33
41,78	4,39
41,80	4,44
41,83	4,49
41,85	4,55
41,88	4,62
41,90	4,67
41,92	4,71
41,95	4,77
41,97	4,83
42,00	4,89
42,02	4,94
42,05	5,00
42,07	5,05
42,10	5,11
42,12	5,15
42,14	5,20
42,17	5,25
42,19	5,30
42,22	5,36
42,24	5,41
42,27	5,45
42,29	5,49
42,31	5,52
42,34	5,56
42,36	5,59
42,39	5,60
42,41	5,63
42,44	5,66
42,46	5,68
42,49	5,74
42,51	5,76
42,53	5,80
42,56	5,83
42,58	5,86
42,61	5,89
42,63	5,92
42,66	5,93
42,68	5,95
42,71	5,96
42,73	5,97
42,75	5,99
42,78	5,99
42,80	6,01
42,83	6,01
42,85	6,01
42,88	6,04
42,90	6,04
42,93	6,04
42,95	6,06
42,97	6,06
43,00	6,05
43,02	6,05
43,05	6,02
43,07	6,02
43,10	6,00
43,12	5,97
43,15	5,97
43,17	5,95
43,19	5,93
43,22	5,95
43,24	5,93
43,27	5,92
43,29	5,89
43,32	5,86
43,34	5,85
43,36	5,82
43,39	5,79
43,41	5,76
43,44	5,72
43,46	5,70
43,49	5,69
43,51	5,66
43,54	5,63
43,56	5,60
43,58	5,57
43,61	5,54
43,63	5,49
43,66	5,44
43,68	5,42
43,71	5,38
43,73	5,34
43,76	5,31
43,78	5,25
43,80	5,21
43,83	5,17
43,85	5,10
43,88	5,06
43,90	5,00
43,93	4,95
43,95	4,94
43,98	4,89
44,00	4,85
44,02	4,81
44,05	4,77
44,07	4,74
44,10	4,70
44,12	4,64
44,15	4,61
44,17	4,56
44,20	4,52
44,22	4,48
44,24	4,42
44,27	4,37
44,29	4,33
44,32	4,28
44,34	4,24
44,37	4,19
44,39	4,14
44,41	4,13
44,44	4,09
44,46	4,06
44,49	4,02
44,51	3,97
44,54	3,94
44,56	3,90
44,59	3,84
44,61	3,80
44,63	3,74
44,66	3,70
44,68	3,69
44,71	3,65
44,73	3,63
44,76	3,60
44,78	3,57
44,81	3,56
44,83	3,53
44,85	3,50
44,88	3,48
44,90	3,45
44,93	3,42
44,95	3,41
44,98	3,39
45,00	3,37
45,03	3,35
45,05	3,34
45,07	3,34
45,10	3,33
45,12	3,32
45,15	3,32
45,17	3,32
45,20	3,31
45,22	3,31
45,25	3,31
45,27	3,31
45,29	3,31
45,32	3,31
45,34	3,32
45,37	3,32
45,39	3,33
45,42	3,36
45,44	3,37
45,47	3,38
45,49	3,39
45,51	3,42
45,54	3,46
45,56	3,48
45,59	3,48
45,61	3,51
45,64	3,54
45,66	3,58
45,68	3,63
45,71	3,66
45,73	3,71
45,76	3,75
45,78	3,79
45,81	3,84
45,83	3,88
45,86	3,91
45,88	3,96
45,90	3,99
45,93	4,05
45,95	4,11
45,98	4,16
46,00	4,23
46,03	4,29
46,05	4,35
46,08	4,42
46,10	4,46
46,12	4,52
46,15	4,60
46,17	4,67
46,20	4,74
46,22	4,81
46,25	4,88
46,27	4,98
46,30	5,05
46,32	5,12
46,34	5,20
46,37	5,27
46,39	5,36
46,42	5,44
46,44	5,52
46,47	5,60
46,49	5,67
46,52	5,74
46,54	5,83
46,56	5,90
46,59	5,97
46,61	6,05
46,64	6,14
46,66	6,22
46,69	6,31
46,71	6,39
46,73	6,48
46,76	6,56
46,78	6,64
46,81	6,72
46,83	6,79
46,86	6,87
46,88	6,96
46,91	7,03
46,93	7,10
46,95	7,17
46,98	7,25
47,00	7,33
47,03	7,41
47,05	7,46
47,08	7,53
47,10	7,58
47,13	7,65
47,15	7,73
47,17	7,80
47,20	7,86
47,22	7,91
47,25	7,96
47,27	8,04
47,30	8,10
47,32	8,13
47,35	8,19
47,37	8,24
47,39	8,29
47,42	8,34
47,44	8,38
47,47	8,42
47,49	8,45
47,52	8,49
47,54	8,53
47,57	8,54
47,59	8,58
47,61	8,63
47,64	8,66
47,66	8,69
47,69	8,70
47,71	8,71
47,74	8,75
47,76	8,77
47,78	8,77
47,81	8,78
47,83	8,78
47,86	8,79
47,88	8,81
47,91	8,80
47,93	8,80
47,96	8,79
47,98	8,78
48,00	8,79
48,03	8,78
48,05	8,75
48,08	8,74
48,10	8,71
48,13	8,70
48,15	8,68
48,18	8,65
48,20	8,62
48,22	8,60
48,25	8,58
48,27	8,56
48,30	8,51
48,32	8,47
48,35	8,45
48,37	8,41
48,40	8,38
48,42	8,34
48,44	8,29
48,47	8,28
48,49	8,24
48,52	8,20
48,54	8,16
48,57	8,10
48,59	8,06
48,62	8,02
48,64	7,96
48,66	7,91
48,69	7,85
48,71	7,79
48,74	7,75
48,76	7,68
48,79	7,62
48,81	7,57
48,84	7,52
48,86	7,46
48,88	7,40
48,91	7,34
48,93	7,31
48,96	7,26
48,98	7,19
49,01	7,13
49,03	7,06
49,05	7,01
49,08	6,94
49,10	6,85
49,13	6,81
49,15	6,73
49,18	6,68
49,20	6,65
49,23	6,60
49,25	6,55
49,27	6,49
49,30	6,42
49,32	6,38
49,35	6,32
49,37	6,24
49,40	6,18
49,42	6,13
49,45	6,08
49,47	6,03
49,49	5,98
49,52	5,94
49,54	5,90
49,57	5,85
49,59	5,83
49,62	5,79
49,64	5,74
49,67	5,72
49,69	5,67
49,71	5,63
49,74	5,59
49,76	5,53
49,79	5,50
49,81	5,47
49,84	5,42
49,86	5,40
49,89	5,36
49,91	5,34
49,93	5,36
49,96	5,33
49,98	5,32
50,01	5,30
50,03	5,28
50,06	5,29
50,08	5,27
50,10	5,24
50,13	5,24
50,15	5,23
50,18	5,23
50,20	5,25
50,23	5,25
50,25	5,26
50,28	5,27
50,30	5,28
50,32	5,31
50,35	5,33
50,37	5,35
50,40	5,39
50,42	5,42
50,45	5,46
50,47	5,49
50,50	5,50
50,52	5,52
50,54	5,55
50,57	5,57
50,59	5,62
50,62	5,64
50,64	5,69
50,67	5,79
50,69	5,85
50,72	5,92
50,74	5,99
50,76	6,05
50,79	6,14
50,81	6,21
50,84	6,26
50,86	6,32
50,89	6,39
50,91	6,46
50,94	6,55
50,96	6,63
50,98	6,72
51,01	6,80
51,03	6,90
51,06	7,01
51,08	7,11
51,11	7,20
51,13	7,31
51,15	7,41
51,18	7,51
51,20	7,61
51,23	7,69
51,25	7,80
51,28	7,89
51,30	7,99
51,33	8,09
51,35	8,18
51,37	8,31
51,40	8,45
51,42	8,57
51,45	8,70
51,47	8,82
51,50	8,95
51,52	9,08
51,55	9,18
51,57	9,27
51,59	9,38
51,62	9,48
51,64	9,59
51,67	9,71
51,69	9,84
51,72	9,98
51,74	10,11
51,77	10,24
51,79	10,37
51,81	10,50
51,84	10,61
51,86	10,72
51,89	10,81
51,91	10,91
51,94	11,01
51,96	11,11
51,99	11,20
52,01	11,30
52,03	11,41
52,06	11,53
52,08	11,61
52,11	11,72
52,13	11,86
52,16	11,96
52,18	12,04
52,20	12,12
52,23	12,21
52,25	12,32
52,28	12,40
52,30	12,45
52,33	12,52
52,35	12,59
52,38	12,67
52,40	12,76
52,42	12,83
52,45	12,90
52,47	12,97
52,50	13,04
52,52	13,12
52,55	13,16
52,57	13,19
52,60	13,23
52,62	13,26
52,64	13,31
52,67	13,34
52,69	13,37
52,72	13,41
52,74	13,44
52,77	13,47
52,79	13,51
52,82	13,52
52,84	13,54
52,86	13,57
52,89	13,58
52,91	13,60
52,94	13,60
52,96	13,60
52,99	13,62
53,01	13,60
53,04	13,58
53,06	13,57
53,08	13,54
53,11	13,53
53,13	13,53
53,16	13,50
53,18	13,49
53,21	13,47
53,23	13,45
53,26	13,45
53,28	13,41
53,30	13,37
53,33	13,32
53,35	13,28
53,38	13,24
53,40	13,19
53,43	13,13
53,45	13,08
53,47	13,02
53,50	12,98
53,52	12,92
53,55	12,85
53,57	12,80
53,60	12,75
53,62	12,70
53,65	12,64
53,67	12,58
53,69	12,52
53,72	12,47
53,74	12,40
53,77	12,31
53,79	12,25
53,82	12,16
53,84	12,09
53,87	12,03
53,89	11,96
53,91	11,89
53,94	11,83
53,96	11,76
53,99	11,72
54,01	11,64
54,04	11,56
54,06	11,48
54,09	11,39
54,11	11,31
54,13	11,23
54,16	11,13
54,18	11,06
54,21	10,98
54,23	10,91
54,26	10,86
54,28	10,78
54,31	10,71
54,33	10,64
54,35	10,58
54,38	10,52
54,40	10,44
54,43	10,36
54,45	10,31
54,48	10,26
54,50	10,20
54,52	10,14
54,55	10,07
54,57	10,03
54,60	10,00
54,62	9,95
54,65	9,91
54,67	9,86
54,70	9,81
54,72	9,80
54,74	9,76
54,77	9,70
54,79	9,66
54,82	9,61
54,84	9,59
54,87	9,56
54,89	9,51
54,92	9,49
54,94	9,47
54,96	9,47
54,99	9,47
55,01	9,47
55,04	9,47
55,06	9,48
55,09	9,47
55,11	9,48
55,14	9,48
55,16	9,48
55,18	9,50
55,21	9,50
55,23	9,52
55,26	9,55
55,28	9,56
55,31	9,59
55,33	9,65
55,36	9,68
55,38	9,74
55,40	9,79
55,43	9,85
55,45	9,94
55,48	10,00
55,50	10,04
55,53	10,12
55,55	10,18
55,57	10,25
55,60	10,33
55,62	10,40
55,65	10,49
55,67	10,57
55,70	10,66
55,72	10,77
55,75	10,88
55,77	10,99
55,79	11,11
55,82	11,23
55,84	11,37
55,87	11,51
55,89	11,65
55,92	11,77
55,94	11,90
55,97	12,03
55,99	12,16
56,01	12,27
56,04	12,40
56,06	12,56
56,09	12,72
56,11	12,89
56,14	13,07
56,16	13,25
56,19	13,46
56,21	13,64
56,23	13,82
56,26	13,97
56,28	14,13
56,31	14,29
56,33	14,47
56,36	14,64
56,38	14,82
56,41	15,00
56,43	15,22
56,45	15,44
56,48	15,65
56,50	15,85
56,53	16,04
56,55	16,25
56,58	16,47
56,60	16,65
56,62	16,83
56,65	17,02
56,67	17,22
56,70	17,41
56,72	17,60
56,75	17,76
56,77	17,96
56,80	18,19
56,82	18,38
56,84	18,59
56,87	18,80
56,89	19,01
56,92	19,24
56,94	19,42
56,97	19,58
56,99	19,76
57,02	19,92
57,04	20,10
57,06	20,27
57,09	20,43
57,11	20,63
57,14	20,82
57,16	21,03
57,19	21,25
57,21	21,44
57,24	21,62
57,26	21,80
57,28	21,94
57,31	22,10
57,33	22,25
57,36	22,39
57,38	22,53
57,41	22,68
57,43	22,82
57,46	22,99
57,48	23,15
57,50	23,29
57,53	23,45
57,55	23,59
57,58	23,71
57,60	23,85
57,63	23,95
57,65	24,07
57,68	24,17
57,70	24,26
57,72	24,36
57,75	24,45
57,77	24,55
57,80	24,66
57,82	24,75
57,85	24,86
57,87	24,95
57,89	25,02
57,92	25,12
57,94	25,20
57,97	25,27
57,99	25,33
58,02	25,41
58,04	25,48
58,07	25,54
58,09	25,59
58,11	25,64
58,14	25,71
58,16	25,76
58,19	25,82
58,21	25,87
58,24	25,93
58,26	25,98
58,29	26,01
58,31	26,05
58,33	26,09
58,36	26,13
58,38	26,19
58,41	26,23
58,43	26,28
58,46	26,32
58,48	26,36
58,51	26,40
58,53	26,45
58,55	26,47
58,58	26,52
58,60	26,55
58,63	26,59
58,65	26,65
58,68	26,71
58,70	26,78
58,73	26,85
58,75	26,92
58,77	27,03
58,80	27,17
58,82	27,33
58,85	27,53
58,87	27,81
58,90	28,16
58,92	31,41
58,94	34,64
58,97	37,83
58,99	40,98
59,02	44,08
59,04	47,07
59,07	49,99
59,09	49,99
59,12	49,99
59,14	49,99
59,16	49,99
59,19	49,99
59,21	49,99
59,24	49,99
59,26	49,99
59,29	49,99
59,31	49,99
59,34	49,99
59,36	49,99
59,38	49,99
59,41	49,99
59,43	49,99
59,46	49,99
59,48	49,99
59,51	49,99
59,53	49,99
59,56	49,99
59,58	49,99
59,60	49,99
59,63	49,99
59,65	49,99
59,68	49,99
59,70	49,99
59,73	49,99
59,75	49,99
59,78	49,99
59,80	49,99
59,82	49,99
59,85	49,99
59,87	49,99
59,90	49,99
59,92	49,99
59,95	49,99
59,97	49,99
59,99	49,99
