Voltage U1	Corriente IA
U1/V	IA/nA

0,02	0,01
0,04	0,01
0,07	0,01
0,09	0,01
0,12	0,01
0,14	0,01
0,17	0,01
0,19	0,01
0,21	0,01
0,24	0,01
0,26	0,01
0,29	0,01
0,31	0,01
0,34	0,01
0,36	0,01
0,39	0,01
0,41	0,01
0,43	0,01
0,46	0,01
0,48	0,01
0,51	0,01
0,53	0,01
0,56	0,01
0,58	0,01
0,61	0,01
0,63	0,01
0,65	0,01
0,68	0,01
0,70	0,01
0,73	0,01
0,75	0,01
0,78	0,01
0,80	0,01
0,83	0,01
0,85	0,01
0,87	0,01
0,90	0,01
0,92	0,01
0,95	0,01
0,97	0,01
1,00	0,01
1,02	0,01
1,05	0,01
1,07	0,01
1,09	0,01
1,12	0,01
1,14	0,01
1,17	0,01
1,19	0,01
1,22	0,01
1,24	0,01
1,26	0,01
1,29	0,00
1,31	0,00
1,34	0,01
1,36	0,01
1,39	0,01
1,41	0,01
1,44	0,01
1,46	0,01
1,48	0,01
1,51	0,01
1,53	0,01
1,56	0,01
1,58	0,01
1,61	0,01
1,63	0,01
1,66	0,01
1,68	0,01
1,70	0,01
1,73	0,01
1,75	0,01
1,78	0,01
1,80	0,01
1,83	0,01
1,85	0,01
1,88	0,01
1,90	0,01
1,92	0,01
1,95	0,01
1,97	0,01
2,00	0,01
2,02	0,01
2,05	0,01
2,07	0,01
2,10	0,01
2,12	0,01
2,14	0,01
2,17	0,01
2,19	0,01
2,22	0,01
2,24	0,01
2,27	0,01
2,29	0,01
2,31	0,01
2,34	0,01
2,36	0,01
2,39	0,01
2,41	0,01
2,44	0,01
2,46	0,01
2,49	0,01
2,51	0,01
2,53	0,01
2,56	0,01
2,58	0,01
2,61	0,01
2,63	0,01
2,66	0,01
2,68	0,01
2,71	0,01
2,73	0,01
2,75	0,01
2,78	0,01
2,80	0,01
2,83	0,01
2,85	0,01
2,88	0,01
2,90	0,01
2,93	0,01
2,95	0,01
2,97	0,01
3,00	0,01
3,02	0,01
3,05	0,01
3,07	0,01
3,10	0,01
3,12	0,01
3,15	0,01
3,17	0,01
3,19	0,01
3,22	0,01
3,24	0,01
3,27	0,01
3,29	0,01
3,32	0,01
3,34	0,01
3,36	0,01
3,39	0,01
3,41	0,01
3,44	0,01
3,46	0,01
3,49	0,01
3,51	0,01
3,54	0,01
3,56	0,01
3,58	0,01
3,61	0,01
3,63	0,01
3,66	0,01
3,68	0,01
3,71	0,01
3,73	0,01
3,76	0,01
3,78	0,01
3,80	0,00
3,83	0,00
3,85	0,00
3,88	0,00
3,90	0,00
3,93	0,00
3,95	0,00
3,98	0,00
4,00	0,00
4,02	0,01
4,05	0,01
4,07	0,01
4,10	0,01
4,12	0,01
4,15	0,01
4,17	0,01
4,20	0,01
4,22	0,01
4,24	0,01
4,27	0,01
4,29	0,01
4,32	0,01
4,34	0,01
4,37	0,01
4,39	0,01
4,42	0,01
4,44	0,01
4,46	0,01
4,49	0,01
4,51	0,01
4,54	0,01
4,56	0,01
4,59	0,01
4,61	0,01
4,63	0,01
4,66	0,01
4,68	0,01
4,71	0,01
4,73	0,01
4,76	0,01
4,78	0,01
4,81	0,01
4,83	0,01
4,85	0,01
4,88	0,01
4,90	0,01
4,93	0,01
4,95	0,01
4,98	0,01
5,00	0,01
5,03	0,01
5,05	0,01
5,07	0,01
5,10	0,01
5,12	0,01
5,15	0,01
5,17	0,01
5,20	0,01
5,22	0,01
5,25	0,01
5,27	0,01
5,29	0,01
5,32	0,01
5,34	0,01
5,37	0,01
5,39	0,01
5,42	0,01
5,44	0,01
5,47	0,01
5,49	0,01
5,51	0,01
5,54	0,01
5,56	0,01
5,59	0,01
5,61	0,01
5,64	0,01
5,66	0,01
5,68	0,01
5,71	0,01
5,73	0,01
5,76	0,01
5,78	0,01
5,81	0,01
5,83	0,01
5,86	0,01
5,88	0,01
5,90	0,01
5,93	0,01
5,95	0,01
5,98	0,01
6,00	0,01
6,03	0,01
6,05	0,01
6,08	0,01
6,10	0,01
6,12	0,01
6,15	0,01
6,17	0,01
6,20	0,01
6,22	0,01
6,25	0,01
6,27	0,01
6,30	0,01
6,32	0,01
6,34	0,01
6,37	0,01
6,39	0,00
6,42	0,00
6,44	0,00
6,47	0,01
6,49	0,01
6,52	0,01
6,54	0,01
6,56	0,01
6,59	0,01
6,61	0,01
6,64	0,01
6,66	0,01
6,69	0,01
6,71	0,01
6,73	0,01
6,76	0,01
6,78	0,01
6,81	0,01
6,83	0,01
6,86	0,01
6,88	0,01
6,91	0,01
6,93	0,01
6,95	0,01
6,98	0,01
7,00	0,01
7,03	0,01
7,05	0,01
7,08	0,01
7,10	0,01
7,13	0,01
7,15	0,01
7,17	0,01
7,20	0,01
7,22	0,01
7,25	0,01
7,27	0,01
7,30	0,01
7,32	0,01
7,35	0,01
7,37	0,01
7,39	0,01
7,42	0,01
7,44	0,01
7,47	0,01
7,49	0,01
7,52	0,01
7,54	0,01
7,57	0,01
7,59	0,01
7,61	0,01
7,64	0,01
7,66	0,01
7,69	0,01
7,71	0,01
7,74	0,01
7,76	0,01
7,78	0,01
7,81	0,01
7,83	0,01
7,86	0,01
7,88	0,01
7,91	0,01
7,93	0,01
7,96	0,01
7,98	0,01
8,00	0,01
8,03	0,01
8,05	0,01
8,08	0,01
8,10	0,01
8,13	0,01
8,15	0,01
8,18	0,01
8,20	0,01
8,22	0,01
8,25	0,01
8,27	0,01
8,30	0,01
8,32	0,01
8,35	0,01
8,37	0,01
8,40	0,01
8,42	0,01
8,44	0,01
8,47	0,01
8,49	0,01
8,52	0,01
8,54	0,01
8,57	0,01
8,59	0,01
8,62	0,01
8,64	0,01
8,66	0,01
8,69	0,01
8,71	0,01
8,74	0,01
8,76	0,01
8,79	0,01
8,81	0,01
8,84	0,01
8,86	0,01
8,88	0,01
8,91	0,01
8,93	0,01
8,96	0,01
8,98	0,01
9,01	0,01
9,03	0,01
9,05	0,01
9,08	0,01
9,10	0,01
9,13	0,01
9,15	0,01
9,18	0,01
9,20	0,01
9,23	0,01
9,25	0,01
9,27	0,01
9,30	0,01
9,32	0,01
9,35	0,01
9,37	0,01
9,40	0,01
9,42	0,01
9,45	0,01
9,47	0,01
9,49	0,01
9,52	0,01
9,54	0,01
9,57	0,01
9,59	0,01
9,62	0,01
9,64	0,01
9,67	0,01
9,69	0,01
9,71	0,01
9,74	0,01
9,76	0,01
9,79	0,01
9,81	0,01
9,84	0,01
9,86	0,01
9,89	0,01
9,91	0,01
9,93	0,01
9,96	0,01
9,98	0,01
10,01	0,01
10,03	0,01
10,06	0,01
10,08	0,01
10,10	0,01
10,13	0,01
10,15	0,01
10,18	0,01
10,20	0,01
10,23	0,00
10,25	0,00
10,28	0,00
10,30	0,01
10,32	0,01
10,35	0,01
10,37	0,01
10,40	0,01
10,42	0,01
10,45	0,01
10,47	0,01
10,50	0,01
10,52	0,01
10,54	0,01
10,57	0,01
10,59	0,01
10,62	0,01
10,64	0,00
10,67	0,00
10,69	0,00
10,72	0,00
10,74	0,00
10,76	0,00
10,79	0,00
10,81	0,00
10,84	0,01
10,86	0,01
10,89	0,01
10,91	0,01
10,94	0,01
10,96	0,01
10,98	0,01
11,01	0,01
11,03	0,01
11,06	0,01
11,08	0,01
11,11	0,01
11,13	0,01
11,15	0,01
11,18	0,01
11,20	0,01
11,23	0,01
11,25	0,01
11,28	0,01
11,30	0,01
11,33	0,01
11,35	0,01
11,37	0,01
11,40	0,01
11,42	0,01
11,45	0,01
11,47	0,01
11,50	0,01
11,52	0,01
11,55	0,01
11,57	0,01
11,59	0,01
11,62	0,01
11,64	0,01
11,67	0,01
11,69	0,01
11,72	0,01
11,74	0,01
11,77	0,01
11,79	0,01
11,81	0,01
11,84	0,00
11,86	0,00
11,89	0,01
11,91	0,01
11,94	0,01
11,96	0,01
11,99	0,01
12,01	0,01
12,03	0,01
12,06	0,01
12,08	0,00
12,11	0,00
12,13	0,00
12,16	0,00
12,18	0,00
12,21	0,00
12,23	0,00
12,25	0,00
12,28	0,01
12,30	0,01
12,33	0,01
12,35	0,01
12,38	0,01
12,40	0,01
12,42	0,01
12,45	0,01
12,47	0,01
12,50	0,01
12,52	0,01
12,55	0,01
12,57	0,01
12,60	0,01
12,62	0,01
12,64	0,01
12,67	0,01
12,69	0,01
12,72	0,01
12,74	0,01
12,77	0,01
12,79	0,01
12,82	0,01
12,84	0,01
12,86	0,01
12,89	0,00
12,91	0,00
12,94	0,00
12,96	0,00
12,99	0,01
13,01	0,01
13,04	0,01
13,06	0,01
13,08	0,01
13,11	0,01
13,13	0,01
13,16	0,01
13,18	0,01
13,21	0,01
13,23	0,01
13,26	0,01
13,28	0,01
13,30	0,01
13,33	0,01
13,35	0,01
13,38	0,01
13,40	0,01
13,43	0,01
13,45	0,01
13,47	0,01
13,50	0,01
13,52	0,01
13,55	0,01
13,57	0,01
13,60	0,01
13,62	0,01
13,65	0,01
13,67	0,01
13,69	0,01
13,72	0,01
13,74	0,01
13,77	0,01
13,79	0,01
13,82	0,01
13,84	0,01
13,87	0,01
13,89	0,01
13,91	0,01
13,94	0,01
13,96	0,01
13,99	0,01
14,01	0,01
14,04	0,01
14,06	0,01
14,09	0,01
14,11	0,01
14,13	0,01
14,16	0,01
14,18	0,01
14,21	0,01
14,23	0,01
14,26	0,01
14,28	0,01
14,31	0,01
14,33	0,01
14,35	0,01
14,38	0,00
14,40	0,00
14,43	0,00
14,45	0,00
14,48	0,01
14,50	0,01
14,52	0,01
14,55	0,01
14,57	0,01
14,60	0,01
14,62	0,01
14,65	0,01
14,67	0,01
14,70	0,01
14,72	0,01
14,74	0,01
14,77	0,01
14,79	0,01
14,82	0,01
14,84	0,01
14,87	0,01
14,89	0,01
14,92	0,01
14,94	0,01
14,96	0,01
14,99	0,01
15,01	0,01
15,04	0,01
15,06	0,01
15,09	0,01
15,11	0,01
15,14	0,01
15,16	0,01
15,18	0,01
15,21	0,01
15,23	0,01
15,26	0,01
15,28	0,01
15,31	0,01
15,33	0,01
15,36	0,01
15,38	0,01
15,40	0,01
15,43	0,01
15,45	0,01
15,48	0,01
15,50	0,01
15,53	0,01
15,55	0,01
15,57	0,01
15,60	0,01
15,62	0,01
15,65	0,01
15,67	0,01
15,70	0,01
15,72	0,01
15,75	0,01
15,77	0,01
15,79	0,01
15,82	0,01
15,84	0,01
15,87	0,01
15,89	0,01
15,92	0,01
15,94	0,01
15,97	0,01
15,99	0,01
16,01	0,01
16,04	0,01
16,06	0,01
16,09	0,01
16,11	0,01
16,14	0,01
16,16	0,01
16,19	0,01
16,21	0,01
16,23	0,01
16,26	0,01
16,28	0,01
16,31	0,01
16,33	0,01
16,36	0,01
16,38	0,01
16,41	0,00
16,43	0,00
16,45	0,00
16,48	0,00
16,50	0,01
16,53	0,01
16,55	0,01
16,58	0,01
16,60	0,01
16,63	0,01
16,65	0,01
16,67	0,01
16,70	0,01
16,72	0,01
16,75	0,01
16,77	0,01
16,80	0,01
16,82	0,02
16,84	0,02
16,87	0,02
16,89	0,02
16,92	0,02
16,94	0,02
16,97	0,02
16,99	0,01
17,02	0,01
17,04	0,01
17,06	0,01
17,09	0,01
17,11	0,01
17,14	0,01
17,16	0,01
17,19	0,01
17,21	0,02
17,24	0,02
17,26	0,02
17,28	0,02
17,31	0,02
17,33	0,02
17,36	0,02
17,38	0,02
17,41	0,02
17,43	0,02
17,46	0,02
17,48	0,03
17,50	0,03
17,53	0,04
17,55	0,06
17,58	0,07
17,60	0,07
17,63	0,07
17,65	0,07
17,68	0,09
17,70	0,09
17,72	0,07
17,75	0,07
17,77	0,07
17,80	0,08
17,82	0,09
17,85	0,08
17,87	0,08
17,89	0,08
17,92	0,09
17,94	0,12
17,97	0,12
17,99	0,11
18,02	0,13
18,04	0,13
18,07	0,15
18,09	0,15
18,11	0,14
18,14	0,15
18,16	0,15
18,19	0,16
18,21	0,17
18,24	0,15
18,26	0,16
18,29	0,19
18,31	0,19
18,33	0,19
18,36	0,19
18,38	0,19
18,41	0,22
18,43	0,22
18,46	0,20
18,48	0,22
18,51	0,20
18,53	0,21
18,55	0,20
18,58	0,19
18,60	0,20
18,63	0,20
18,65	0,20
18,68	0,22
18,70	0,23
18,73	0,24
18,75	0,25
18,77	0,25
18,80	0,26
18,82	0,27
18,85	0,26
18,87	0,26
18,90	0,26
18,92	0,26
18,94	0,27
18,97	0,25
18,99	0,25
19,02	0,27
19,04	0,27
19,07	0,28
19,09	0,27
19,12	0,28
19,14	0,30
19,16	0,29
19,19	0,28
19,21	0,29
19,24	0,27
19,26	0,28
19,29	0,27
19,31	0,26
19,34	0,28
19,36	0,27
19,38	0,27
19,41	0,30
19,43	0,30
19,46	0,30
19,48	0,30
19,51	0,29
19,53	0,29
19,56	0,29
19,58	0,27
19,60	0,28
19,63	0,28
19,65	0,28
19,68	0,29
19,70	0,29
19,73	0,29
19,75	0,30
19,78	0,30
19,80	0,30
19,82	0,31
19,85	0,30
19,87	0,31
19,90	0,31
19,92	0,30
19,95	0,30
19,97	0,28
19,99	0,28
20,02	0,27
20,04	0,26
20,07	0,26
20,09	0,26
20,12	0,26
20,14	0,28
20,17	0,28
20,19	0,28
20,21	0,27
20,24	0,28
20,26	0,28
20,29	0,28
20,31	0,27
20,34	0,27
20,36	0,27
20,39	0,27
20,41	0,26
20,43	0,27
20,46	0,27
20,48	0,27
20,51	0,26
20,53	0,27
20,56	0,27
20,58	0,26
20,61	0,27
20,63	0,27
20,65	0,27
20,68	0,26
20,70	0,25
20,73	0,25
20,75	0,24
20,78	0,22
20,80	0,23
20,83	0,21
20,85	0,22
20,87	0,25
20,90	0,25
20,92	0,26
20,95	0,26
20,97	0,26
21,00	0,27
21,02	0,27
21,05	0,25
21,07	0,25
21,09	0,25
21,12	0,25
21,14	0,26
21,17	0,26
21,19	0,26
21,22	0,26
21,24	0,26
21,26	0,27
21,29	0,27
21,31	0,27
21,34	0,29
21,36	0,29
21,39	0,29
21,41	0,30
21,44	0,28
21,46	0,29
21,48	0,29
21,51	0,28
21,53	0,29
21,56	0,30
21,58	0,29
21,61	0,33
21,63	0,34
21,66	0,33
21,68	0,33
21,70	0,33
21,73	0,34
21,75	0,35
21,78	0,34
21,80	0,35
21,83	0,35
21,85	0,36
21,88	0,38
21,90	0,38
21,92	0,40
21,95	0,41
21,97	0,41
22,00	0,43
22,02	0,43
22,05	0,44
22,07	0,46
22,10	0,46
22,12	0,47
22,14	0,47
22,17	0,46
22,19	0,47
22,22	0,47
22,24	0,47
22,27	0,49
22,29	0,49
22,31	0,50
22,34	0,55
22,36	0,55
22,39	0,56
22,41	0,57
22,44	0,57
22,46	0,59
22,49	0,59
22,51	0,58
22,53	0,59
22,56	0,60
22,58	0,61
22,61	0,63
22,63	0,64
22,66	0,66
22,68	0,67
22,71	0,67
22,73	0,68
22,75	0,68
22,78	0,68
22,80	0,71
22,83	0,71
22,85	0,71
22,88	0,73
22,90	0,72
22,93	0,74
22,95	0,74
22,97	0,72
23,00	0,74
23,02	0,74
23,05	0,75
23,07	0,78
23,10	0,79
23,12	0,81
23,15	0,82
23,17	0,82
23,19	0,83
23,22	0,83
23,24	0,83
23,27	0,82
23,29	0,82
23,32	0,82
23,34	0,83
23,36	0,84
23,39	0,85
23,41	0,85
23,44	0,86
23,46	0,88
23,49	0,89
23,51	0,89
23,54	0,90
23,56	0,91
23,58	0,92
23,61	0,91
23,63	0,89
23,66	0,90
23,68	0,90
23,71	0,89
23,73	0,89
23,76	0,87
23,78	0,89
23,80	0,93
23,83	0,93
23,85	0,93
23,88	0,92
23,90	0,93
23,93	0,94
23,95	0,93
23,98	0,90
24,00	0,90
24,02	0,88
24,05	0,89
24,07	0,90
24,10	0,90
24,12	0,91
24,15	0,91
24,17	0,91
24,20	0,93
24,22	0,92
24,24	0,90
24,27	0,91
24,29	0,90
24,32	0,90
24,34	0,89
24,37	0,88
24,39	0,88
24,42	0,88
24,44	0,85
24,46	0,86
24,49	0,84
24,51	0,84
24,54	0,85
24,56	0,85
24,59	0,84
24,61	0,84
24,63	0,83
24,66	0,84
24,68	0,84
24,71	0,81
24,73	0,81
24,76	0,80
24,78	0,80
24,81	0,80
24,83	0,80
24,85	0,79
24,88	0,78
24,90	0,77
24,93	0,78
24,95	0,77
24,98	0,75
25,00	0,75
25,03	0,74
25,05	0,75
25,07	0,74
25,10	0,72
25,12	0,71
25,15	0,70
25,17	0,69
25,20	0,69
25,22	0,67
25,25	0,67
25,27	0,69
25,29	0,69
25,32	0,69
25,34	0,69
25,37	0,68
25,39	0,69
25,42	0,68
25,44	0,66
25,47	0,66
25,49	0,64
25,51	0,64
25,54	0,64
25,56	0,64
25,59	0,64
25,61	0,64
25,64	0,63
25,66	0,65
25,68	0,65
25,71	0,64
25,73	0,63
25,76	0,62
25,78	0,62
25,81	0,62
25,83	0,62
25,86	0,62
25,88	0,62
25,90	0,64
25,93	0,66
25,95	0,64
25,98	0,64
26,00	0,67
26,03	0,67
26,05	0,68
26,08	0,67
26,10	0,67
26,12	0,69
26,15	0,69
26,17	0,67
26,20	0,67
26,22	0,66
26,25	0,68
26,27	0,70
26,30	0,72
26,32	0,73
26,34	0,73
26,37	0,75
26,39	0,78
26,42	0,77
26,44	0,77
26,47	0,78
26,49	0,77
26,52	0,79
26,54	0,80
26,56	0,81
26,59	0,83
26,61	0,84
26,64	0,86
26,66	0,89
26,69	0,88
26,71	0,90
26,73	0,93
26,76	0,94
26,78	0,96
26,81	0,97
26,83	0,98
26,86	1,02
26,88	1,03
26,91	1,03
26,93	1,05
26,95	1,05
26,98	1,07
27,00	1,10
27,03	1,11
27,05	1,13
27,08	1,16
27,10	1,17
27,13	1,21
27,15	1,23
27,17	1,23
27,20	1,25
27,22	1,26
27,25	1,28
27,27	1,29
27,30	1,30
27,32	1,33
27,35	1,34
27,37	1,36
27,39	1,40
27,42	1,40
27,44	1,41
27,47	1,44
27,49	1,45
27,52	1,47
27,54	1,48
27,57	1,49
27,59	1,51
27,61	1,53
27,64	1,53
27,66	1,55
27,69	1,55
27,71	1,56
27,74	1,60
27,76	1,62
27,78	1,63
27,81	1,65
27,83	1,66
27,86	1,69
27,88	1,70
27,91	1,68
27,93	1,69
27,96	1,69
27,98	1,69
28,00	1,70
28,03	1,72
28,05	1,73
28,08	1,73
28,10	1,74
28,13	1,76
28,15	1,75
28,18	1,76
28,20	1,76
28,22	1,76
28,25	1,77
28,27	1,78
28,30	1,78
28,32	1,80
28,35	1,79
28,37	1,79
28,40	1,80
28,42	1,79
28,44	1,79
28,47	1,80
28,49	1,80
28,52	1,81
28,54	1,82
28,57	1,81
28,59	1,83
28,62	1,83
28,64	1,81
28,66	1,81
28,69	1,78
28,71	1,77
28,74	1,77
28,76	1,75
28,79	1,75
28,81	1,74
28,84	1,74
28,86	1,75
28,88	1,75
28,91	1,74
28,93	1,74
28,96	1,73
28,98	1,72
29,01	1,72
29,03	1,70
29,05	1,70
29,08	1,68
29,10	1,67
29,13	1,67
29,15	1,64
29,18	1,63
29,20	1,64
29,23	1,63
29,25	1,62
29,27	1,61
29,30	1,60
29,32	1,61
29,35	1,60
29,37	1,56
29,40	1,55
29,42	1,53
29,45	1,51
29,47	1,50
29,49	1,48
29,52	1,48
29,54	1,46
29,57	1,45
29,59	1,46
29,62	1,45
29,64	1,44
29,67	1,42
29,69	1,41
29,71	1,41
29,74	1,40
29,76	1,37
29,79	1,36
29,81	1,35
29,84	1,33
29,86	1,32
29,89	1,29
29,91	1,27
29,93	1,29
29,96	1,28
29,98	1,26
30,01	1,26
30,03	1,25
30,06	1,26
30,08	1,26
30,10	1,22
30,13	1,20
30,15	1,19
30,18	1,18
30,20	1,17
30,23	1,15
30,25	1,14
30,28	1,14
30,30	1,14
30,32	1,15
30,35	1,14
30,37	1,13
30,40	1,12
30,42	1,11
30,45	1,11
30,47	1,11
30,50	1,10
30,52	1,10
30,54	1,10
30,57	1,10
30,59	1,10
30,62	1,07
30,64	1,07
30,67	1,09
30,69	1,10
30,72	1,10
30,74	1,10
30,76	1,10
30,79	1,14
30,81	1,14
30,84	1,13
30,86	1,14
30,89	1,13
30,91	1,14
30,94	1,15
30,96	1,14
30,98	1,15
31,01	1,16
31,03	1,18
31,06	1,21
31,08	1,22
31,11	1,23
31,13	1,24
31,15	1,26
31,18	1,28
31,20	1,28
31,23	1,29
31,25	1,32
31,28	1,34
31,30	1,36
31,33	1,38
31,35	1,40
31,37	1,42
31,40	1,46
31,42	1,49
31,45	1,51
31,47	1,53
31,50	1,55
31,52	1,59
31,55	1,61
31,57	1,62
31,59	1,64
31,62	1,66
31,64	1,69
31,67	1,72
31,69	1,74
31,72	1,77
31,74	1,80
31,77	1,83
31,79	1,87
31,81	1,91
31,84	1,94
31,86	1,96
31,89	1,99
31,91	2,03
31,94	2,05
31,96	2,06
31,99	2,08
32,01	2,10
32,03	2,13
32,06	2,16
32,08	2,18
32,11	2,22
32,13	2,26
32,16	2,30
32,18	2,33
32,20	2,36
32,23	2,38
32,25	2,43
32,28	2,45
32,30	2,47
32,33	2,49
32,35	2,50
32,38	2,53
32,40	2,55
32,42	2,57
32,45	2,59
32,47	2,61
32,50	2,63
32,52	2,68
32,55	2,69
32,57	2,71
32,60	2,73
32,62	2,75
32,64	2,77
32,67	2,78
32,69	2,79
32,72	2,81
32,74	2,82
32,77	2,83
32,79	2,84
32,82	2,87
32,84	2,88
32,86	2,89
32,89	2,90
32,91	2,91
32,94	2,93
32,96	2,92
32,99	2,94
33,01	2,95
33,04	2,96
33,06	2,96
33,08	2,95
33,11	2,96
33,13	2,96
33,16	2,94
33,18	2,94
33,21	2,93
33,23	2,94
33,26	2,96
33,28	2,96
33,30	2,96
33,33	2,96
33,35	2,94
33,38	2,95
33,40	2,94
33,43	2,92
33,45	2,91
33,47	2,90
33,50	2,89
33,52	2,89
33,55	2,88
33,57	2,87
33,60	2,85
33,62	2,84
33,65	2,83
33,67	2,81
33,69	2,79
33,72	2,80
33,74	2,77
33,77	2,76
33,79	2,74
33,82	2,71
33,84	2,70
33,87	2,68
33,89	2,64
33,91	2,62
33,94	2,59
33,96	2,58
33,99	2,59
34,01	2,58
34,04	2,55
34,06	2,53
34,09	2,52
34,11	2,50
34,13	2,47
34,16	2,43
34,18	2,39
34,21	2,36
34,23	2,35
34,26	2,33
34,28	2,31
34,31	2,30
34,33	2,28
34,35	2,27
34,38	2,26
34,40	2,23
34,43	2,21
34,45	2,20
34,48	2,17
34,50	2,14
34,52	2,12
34,55	2,08
34,57	2,07
34,60	2,04
34,62	2,00
34,65	1,99
34,67	1,95
34,70	1,93
34,72	1,94
34,74	1,91
34,77	1,89
34,79	1,86
34,82	1,84
34,84	1,84
34,87	1,82
34,89	1,78
34,92	1,78
34,94	1,76
34,96	1,74
34,99	1,74
35,01	1,73
35,04	1,72
35,06	1,70
35,09	1,68
35,11	1,67
35,14	1,67
35,16	1,65
35,18	1,66
35,21	1,66
35,23	1,65
35,26	1,65
35,28	1,62
35,31	1,62
35,33	1,60
35,36	1,58
35,38	1,58
35,40	1,57
35,43	1,56
35,45	1,59
35,48	1,59
35,50	1,60
35,53	1,60
35,55	1,60
35,57	1,61
35,60	1,61
35,62	1,60
35,65	1,62
35,67	1,62
35,70	1,63
35,72	1,65
35,75	1,67
35,77	1,69
35,79	1,71
35,82	1,72
35,84	1,75
35,87	1,76
35,89	1,77
35,92	1,81
35,94	1,83
35,97	1,86
35,99	1,87
36,01	1,88
36,04	1,92
36,06	1,94
36,09	1,96
36,11	1,99
36,14	2,00
36,16	2,04
36,19	2,09
36,21	2,12
36,23	2,16
36,26	2,18
36,28	2,21
36,31	2,25
36,33	2,29
36,36	2,31
36,38	2,35
36,41	2,37
36,43	2,41
36,45	2,46
36,48	2,51
36,50	2,55
36,53	2,59
36,55	2,64
36,58	2,70
36,60	2,73
36,62	2,76
36,65	2,81
36,67	2,85
36,70	2,89
36,72	2,93
36,75	2,97
36,77	3,02
36,80	3,07
36,82	3,11
36,84	3,16
36,87	3,19
36,89	3,23
36,92	3,30
36,94	3,33
36,97	3,36
36,99	3,40
37,02	3,44
37,04	3,49
37,06	3,53
37,09	3,55
37,11	3,59
37,14	3,62
37,16	3,66
37,19	3,71
37,21	3,74
37,24	3,78
37,26	3,81
37,28	3,84
37,31	3,89
37,33	3,93
37,36	3,95
37,38	3,98
37,41	4,00
37,43	4,04
37,46	4,08
37,48	4,11
37,50	4,14
37,53	4,16
37,55	4,19
37,58	4,22
37,60	4,22
37,63	4,23
37,65	4,27
37,68	4,28
37,70	4,30
37,72	4,30
37,75	4,30
37,77	4,34
37,80	4,35
37,82	4,34
37,85	4,35
37,87	4,35
37,89	4,35
37,92	4,38
37,94	4,38
37,97	4,38
37,99	4,37
38,02	4,37
38,04	4,38
38,07	4,38
38,09	4,35
38,11	4,35
38,14	4,35
38,16	4,34
38,19	4,33
38,21	4,32
38,24	4,31
38,26	4,30
38,29	4,28
38,31	4,27
38,33	4,24
38,36	4,22
38,38	4,22
38,41	4,21
38,43	4,19
38,46	4,17
38,48	4,14
38,51	4,14
38,53	4,11
38,55	4,06
38,58	4,03
38,60	3,99
38,63	3,96
38,65	3,95
38,68	3,93
38,70	3,93
38,73	3,91
38,75	3,88
38,77	3,87
38,80	3,84
38,82	3,80
38,85	3,76
38,87	3,71
38,90	3,67
38,92	3,64
38,94	3,60
38,97	3,57
38,99	3,54
39,02	3,50
39,04	3,49
39,07	3,44
39,09	3,41
39,12	3,40
39,14	3,36
39,16	3,32
39,19	3,28
39,21	3,24
39,24	3,22
39,26	3,17
39,29	3,12
39,31	3,08
39,34	3,04
39,36	3,01
39,38	2,99
39,41	2,97
39,43	2,94
39,46	2,91
39,48	2,87
39,51	2,87
39,53	2,84
39,56	2,78
39,58	2,75
39,60	2,70
39,63	2,68
39,65	2,65
39,68	2,61
39,70	2,59
39,73	2,56
39,75	2,54
39,78	2,54
39,80	2,51
39,82	2,48
39,85	2,46
39,87	2,43
39,90	2,41
39,92	2,38
39,95	2,35
39,97	2,35
39,99	2,34
40,02	2,32
40,04	2,32
40,07	2,29
40,09	2,28
40,12	2,28
40,14	2,26
40,17	2,25
40,19	2,25
40,21	2,24
40,24	2,25
40,26	2,25
40,29	2,24
40,31	2,24
40,34	2,23
40,36	2,24
40,39	2,24
40,41	2,24
40,43	2,25
40,46	2,25
40,48	2,25
40,51	2,28
40,53	2,27
40,56	2,28
40,58	2,30
40,61	2,32
40,63	2,35
40,65	2,38
40,68	2,39
40,70	2,41
40,73	2,44
40,75	2,46
40,78	2,48
40,80	2,49
40,83	2,52
40,85	2,59
40,87	2,63
40,90	2,67
40,92	2,71
40,95	2,75
40,97	2,81
41,00	2,85
41,02	2,86
41,05	2,90
41,07	2,92
41,09	2,97
41,12	3,00
41,14	3,04
41,17	3,09
41,19	3,14
41,22	3,19
41,24	3,27
41,26	3,31
41,29	3,38
41,31	3,43
41,34	3,48
41,36	3,55
41,39	3,60
41,41	3,65
41,44	3,73
41,46	3,78
41,48	3,84
41,51	3,90
41,53	3,95
41,56	4,01
41,58	4,09
41,61	4,15
41,63	4,22
41,66	4,28
41,68	4,33
41,70	4,40
41,73	4,46
41,75	4,50
41,78	4,55
41,80	4,60
41,83	4,66
41,85	4,72
41,88	4,76
41,90	4,82
41,92	4,88
41,95	4,94
41,97	5,00
42,00	5,06
42,02	5,11
42,05	5,16
42,07	5,20
42,10	5,25
42,12	5,30
42,14	5,34
42,17	5,39
42,19	5,43
42,22	5,48
42,24	5,53
42,27	5,55
42,29	5,60
42,31	5,66
42,34	5,70
42,36	5,74
42,39	5,78
42,41	5,81
42,44	5,87
42,46	5,89
42,49	5,89
42,51	5,91
42,53	5,92
42,56	5,94
42,58	5,97
42,61	5,98
42,63	6,01
42,66	6,02
42,68	6,04
42,71	6,07
42,73	6,08
42,75	6,09
42,78	6,09
42,80	6,11
42,83	6,12
42,85	6,12
42,88	6,12
42,90	6,12
42,93	6,12
42,95	6,11
42,97	6,10
43,00	6,08
43,02	6,07
43,05	6,07
43,07	6,05
43,10	6,05
43,12	6,04
43,15	6,02
43,17	6,04
43,19	6,02
43,22	5,99
43,24	5,97
43,27	5,93
43,29	5,91
43,32	5,87
43,34	5,83
43,36	5,80
43,39	5,77
43,41	5,73
43,44	5,72
43,46	5,68
43,49	5,66
43,51	5,63
43,54	5,59
43,56	5,56
43,58	5,51
43,61	5,46
43,63	5,42
43,66	5,37
43,68	5,33
43,71	5,29
43,73	5,24
43,76	5,21
43,78	5,18
43,80	5,14
43,83	5,10
43,85	5,06
43,88	5,02
43,90	5,00
43,93	4,95
43,95	4,89
43,98	4,84
44,00	4,77
44,02	4,72
44,05	4,67
44,07	4,62
44,10	4,59
44,12	4,54
44,15	4,50
44,17	4,47
44,20	4,44
44,22	4,38
44,24	4,32
44,27	4,27
44,29	4,22
44,32	4,18
44,34	4,12
44,37	4,08
44,39	4,02
44,41	3,98
44,44	3,95
44,46	3,92
44,49	3,88
44,51	3,86
44,54	3,81
44,56	3,78
44,59	3,75
44,61	3,70
44,63	3,68
44,66	3,63
44,68	3,59
44,71	3,56
44,73	3,51
44,76	3,49
44,78	3,46
44,81	3,42
44,83	3,41
44,85	3,38
44,88	3,37
44,90	3,37
44,93	3,35
44,95	3,33
44,98	3,32
45,00	3,30
45,03	3,30
45,05	3,28
45,07	3,26
45,10	3,25
45,12	3,25
45,15	3,24
45,17	3,23
45,20	3,23
45,22	3,24
45,25	3,24
45,27	3,23
45,29	3,24
45,32	3,25
45,34	3,25
45,37	3,27
45,39	3,28
45,42	3,29
45,44	3,30
45,47	3,30
45,49	3,32
45,51	3,34
45,54	3,36
45,56	3,39
45,59	3,42
45,61	3,46
45,64	3,53
45,66	3,56
45,68	3,60
45,71	3,64
45,73	3,67
45,76	3,72
45,78	3,76
45,81	3,78
45,83	3,83
45,86	3,86
45,88	3,90
45,90	3,97
45,93	4,03
45,95	4,09
45,98	4,15
46,00	4,21
46,03	4,29
46,05	4,37
46,08	4,42
46,10	4,49
46,12	4,55
46,15	4,61
46,17	4,67
46,20	4,71
46,22	4,77
46,25	4,85
46,27	4,92
46,30	5,00
46,32	5,08
46,34	5,17
46,37	5,28
46,39	5,37
46,42	5,44
46,44	5,51
46,47	5,59
46,49	5,66
46,52	5,73
46,54	5,79
46,56	5,88
46,59	5,95
46,61	6,04
46,64	6,12
46,66	6,22
46,69	6,30
46,71	6,39
46,73	6,46
46,76	6,54
46,78	6,61
46,81	6,68
46,83	6,76
46,86	6,83
46,88	6,90
46,91	6,97
46,93	7,02
46,95	7,11
46,98	7,18
47,00	7,24
47,03	7,32
47,05	7,37
47,08	7,44
47,10	7,55
47,13	7,60
47,15	7,65
47,17	7,71
47,20	7,75
47,22	7,81
47,25	7,86
47,27	7,89
47,30	7,94
47,32	7,99
47,35	8,04
47,37	8,10
47,39	8,15
47,42	8,20
47,44	8,24
47,47	8,27
47,49	8,31
47,52	8,33
47,54	8,36
47,57	8,40
47,59	8,41
47,61	8,43
47,64	8,46
47,66	8,47
47,69	8,49
47,71	8,50
47,74	8,49
47,76	8,52
47,78	8,51
47,81	8,52
47,83	8,55
47,86	8,55
47,88	8,55
47,91	8,54
47,93	8,53
47,96	8,53
47,98	8,53
48,00	8,50
48,03	8,49
48,05	8,47
48,08	8,45
48,10	8,44
48,13	8,41
48,15	8,39
48,18	8,36
48,20	8,33
48,22	8,31
48,25	8,28
48,27	8,24
48,30	8,22
48,32	8,18
48,35	8,16
48,37	8,12
48,40	8,06
48,42	8,02
48,44	7,98
48,47	7,92
48,49	7,89
48,52	7,83
48,54	7,78
48,57	7,77
48,59	7,72
48,62	7,67
48,64	7,62
48,66	7,56
48,69	7,53
48,71	7,47
48,74	7,39
48,76	7,34
48,79	7,27
48,81	7,23
48,84	7,18
48,86	7,12
48,88	7,06
48,91	7,00
48,93	6,95
48,96	6,90
48,98	6,81
49,01	6,75
49,03	6,71
49,05	6,66
49,08	6,59
49,10	6,53
49,13	6,48
49,15	6,46
49,18	6,40
49,20	6,31
49,23	6,25
49,25	6,20
49,27	6,14
49,30	6,10
49,32	6,02
49,35	5,96
49,37	5,89
49,40	5,84
49,42	5,80
49,45	5,73
49,47	5,68
49,49	5,64
49,52	5,64
49,54	5,64
49,57	5,57
49,59	5,52
49,62	5,51
49,64	5,47
49,67	5,45
49,69	5,39
49,71	5,32
49,74	5,38
49,76	5,35
49,79	5,28
49,81	5,19
49,84	5,14
49,86	5,11
49,89	5,14
49,91	5,09
49,93	5,10
49,96	5,15
49,98	5,21
50,01	5,24
50,03	5,23
50,06	5,18
50,08	5,17
50,10	5,14
50,13	5,07
50,15	4,97
50,18	4,86
50,20	4,77
50,23	4,69
50,25	4,65
50,28	4,63
50,30	4,65
50,32	4,72
50,35	4,81
50,37	4,90
50,40	4,99
50,42	5,05
50,45	5,11
50,47	5,18
50,50	5,23
50,52	5,28
50,54	5,34
50,57	5,38
50,59	5,43
50,62	5,50
50,64	5,54
50,67	5,59
50,69	5,65
50,72	5,70
50,74	5,78
50,76	5,85
50,79	5,91
50,81	6,00
50,84	6,06
50,86	6,13
50,89	6,22
50,91	6,28
50,94	6,35
50,96	6,43
50,98	6,51
51,01	6,61
51,03	6,70
51,06	6,80
51,08	6,89
51,11	6,99
51,13	7,08
51,15	7,19
51,18	7,28
51,20	7,36
51,23	7,46
51,25	7,55
51,28	7,63
51,30	7,72
51,33	7,81
51,35	7,93
51,37	8,03
51,40	8,12
51,42	8,22
51,45	8,32
51,47	8,42
51,50	8,52
51,52	8,59
51,55	8,68
51,57	8,76
51,59	8,85
51,62	8,97
51,64	9,07
51,67	9,15
51,69	9,26
51,72	9,37
51,74	9,48
51,77	9,58
51,79	9,66
51,81	9,75
51,84	9,83
51,86	9,91
51,89	10,00
51,91	10,08
51,94	10,15
51,96	10,22
51,99	10,29
52,01	10,37
52,03	10,44
52,06	10,50
52,08	10,59
52,11	10,66
52,13	10,72
52,16	10,79
52,18	10,82
52,20	10,86
52,23	10,92
52,25	10,94
52,28	10,99
52,30	11,03
52,33	11,07
52,35	11,16
52,38	11,21
52,40	11,24
52,42	11,28
52,45	11,32
52,47	11,37
52,50	11,39
52,52	11,40
52,55	11,42
52,57	11,43
52,60	11,44
52,62	11,46
52,64	11,46
52,67	11,46
52,69	11,46
52,72	11,46
52,74	11,47
52,77	11,47
52,79	11,46
52,82	11,48
52,84	11,46
52,86	11,45
52,89	11,42
52,91	11,39
52,94	11,37
52,96	11,33
52,99	11,27
53,01	11,25
53,04	11,22
53,06	11,18
53,08	11,17
53,11	11,14
53,13	11,10
53,16	11,05
53,18	10,99
53,21	10,96
53,23	10,92
53,26	10,86
53,28	10,80
53,30	10,74
53,33	10,69
53,35	10,65
53,38	10,58
53,40	10,52
53,43	10,45
53,45	10,39
53,47	10,34
53,50	10,27
53,52	10,19
53,55	10,14
53,57	10,08
53,60	10,02
53,62	9,95
53,65	9,88
53,67	9,84
53,69	9,77
53,72	9,68
53,74	9,61
53,77	9,53
53,79	9,46
53,82	9,40
53,84	9,32
53,87	9,25
53,89	9,19
53,91	9,12
53,94	9,06
53,96	9,01
53,99	8,92
54,01	8,85
54,04	8,78
54,06	8,71
54,09	8,65
54,11	8,58
54,13	8,51
54,16	8,45
54,18	8,38
54,21	8,32
54,23	8,26
54,26	8,19
54,28	8,15
54,31	8,08
54,33	8,01
54,35	7,96
54,38	7,90
54,40	7,85
54,43	7,79
54,45	7,72
54,48	7,68
54,50	7,62
54,52	7,58
54,55	7,56
54,57	7,51
54,60	7,47
54,62	7,44
54,65	7,40
54,67	7,38
54,70	7,35
54,72	7,30
54,74	7,27
54,77	7,24
54,79	7,21
54,82	7,19
54,84	7,17
54,87	7,15
54,89	7,13
54,92	7,13
54,94	7,13
54,96	7,12
54,99	7,11
55,01	7,12
55,04	7,12
55,06	7,13
55,09	7,12
55,11	7,12
55,14	7,15
55,16	7,17
55,18	7,18
55,21	7,21
55,23	7,22
55,26	7,26
55,28	7,31
55,31	7,35
55,33	7,38
55,36	7,42
55,38	7,45
55,40	7,52
55,43	7,57
55,45	7,61
55,48	7,67
55,50	7,72
55,53	7,80
55,55	7,89
55,57	7,96
55,60	8,02
55,62	8,09
55,65	8,17
55,67	8,25
55,70	8,33
55,72	8,39
55,75	8,49
55,77	8,59
55,79	8,71
55,82	8,81
55,84	8,92
55,87	9,04
55,89	9,16
55,92	9,26
55,94	9,37
55,97	9,46
55,99	9,57
56,01	9,70
56,04	9,81
56,06	9,92
56,09	10,07
56,11	10,21
56,14	10,37
56,16	10,52
56,19	10,64
56,21	10,78
56,23	10,92
56,26	11,05
56,28	11,19
56,31	11,31
56,33	11,44
56,36	11,57
56,38	11,72
56,41	11,87
56,43	12,03
56,45	12,18
56,48	12,34
56,50	12,50
56,53	12,65
56,55	12,80
56,58	12,95
56,60	13,07
56,62	13,20
56,65	13,33
56,67	13,46
56,70	13,56
56,72	13,69
56,75	13,84
56,77	13,99
56,80	14,13
56,82	14,27
56,84	14,41
56,87	14,58
56,89	14,72
56,92	14,84
56,94	14,97
56,97	15,08
56,99	15,20
57,02	15,32
57,04	15,43
57,06	15,55
57,09	15,64
57,11	15,77
57,14	15,91
57,16	16,02
57,19	16,12
57,21	16,23
57,24	16,33
57,26	16,44
57,28	16,52
57,31	16,60
57,33	16,69
57,36	16,77
57,38	16,84
57,41	16,91
57,43	16,96
57,46	17,03
57,48	17,10
57,50	17,17
57,53	17,23
57,55	17,27
57,58	17,31
57,60	17,38
57,63	17,40
57,65	17,43
57,68	17,46
57,70	17,47
57,72	17,50
57,75	17,55
57,77	17,57
57,80	17,61
57,82	17,62
57,85	17,64
57,87	17,66
57,89	17,68
57,92	17,65
57,94	17,66
57,97	17,64
57,99	17,65
58,02	17,63
58,04	17,62
58,07	17,60
58,09	17,58
58,11	17,55
58,14	17,54
58,16	17,47
58,19	17,44
58,21	17,39
58,24	17,37
58,26	17,34
58,29	17,29
58,31	17,25
58,33	17,23
58,36	17,19
58,38	17,16
58,41	17,10
58,43	17,02
58,46	16,96
58,48	16,92
58,51	16,85
58,53	16,78
58,55	16,70
58,58	16,62
58,60	16,58
58,63	16,50
58,65	16,40
58,68	16,32
58,70	16,24
58,73	16,17
58,75	16,09
58,77	16,00
58,80	15,92
58,82	15,84
58,85	15,76
58,87	15,70
58,90	15,62
58,92	15,54
58,94	15,44
58,97	15,37
58,99	15,29
59,02	15,21
59,04	15,12
59,07	15,04
59,09	14,95
59,12	14,88
59,14	14,80
59,16	14,69
59,19	14,60
59,21	14,54
59,24	14,46
59,26	14,39
59,29	14,32
59,31	14,25
59,34	14,22
59,36	14,17
59,38	14,08
59,41	14,02
59,43	13,94
59,46	13,88
59,48	13,80
59,51	13,72
59,53	13,65
59,56	13,59
59,58	13,53
59,60	13,51
59,63	13,46
59,65	13,43
59,68	13,39
59,70	13,36
59,73	13,33
59,75	13,29
59,78	13,25
59,80	13,22
59,82	13,19
59,85	13,17
59,87	13,16
59,90	13,13
59,92	13,12
59,95	13,10
59,97	13,09
59,99	13,08
